Fragmentorum collectionis Wilmannsianao numeri ⁴⁶)
collati cnm Funaiolianao huiusque numeris

W. F. GS.

122652130
222652130
324512127
426 22
527 23
628 24
729 25

-224 27
8224528
9224629
103-247210
112248211
122249212
13225 214
14226215
152253217
16227 216
-2-218
1722522120
182254219
19213 220
202255221
21214 222
2222572121
23215223
24228 232
25216213

262261235
272262236
-2263237
282250238
292258239
30217 224
31218 225
3222652130
33219 226

34320 327
35321 328
36322 329
37323 330
3332 331
38330 333
39331 334
40329 3**)

41 2 268 2 115
42 2 238 2 111
43 2 269 2 68

J

'w F.
ζ 4432723
4532713
ς 4632703
' -=50 =
3352 3
332393
332203
332333
332633
-32943
34633
4732743
48333 3
4932433
5032753
5132763
5232773
53334 3
, 54335 3
ῑ 5532783
i 5632793
57328013
5832803
5 58A=2800=
, 581³=280d=
3 580228011:
· 580=2802=
; 5932813
ὲ 6032823
1 60A=44 =
ὲ 60332833
61 345 3
62336 3
63337 3
6432843
6532853
, 6632863
67 338 3
j 6832873
6932883
z 7034433
. 7132893
’ 7232903

GS.
69
70
71
48
49
50
67
116
117
37
100
125
72
54
113
73
74
75
56
55
76
78
82
77. 79

‹

77. 80. 81 ἶ

80
77⁹0
81
83
84
84³
84¹>
85
86
57
58
87
88
89
64
90
91
92
93
94
65⁸

W. F. GS.
73 2 39 2 65¹³
74 = 46 2 66
75 = 291 = 95
76 2 292 2 96
77 2 293 2 97
- = 294 2 100
78 2 - 2 99
79 2 319 2 128
80 2 322 2 59
81 2 40 2 60
82 2 47 2 **²‘³)
83 2 41 2 61
84 2 419 2 104
85 2 48 2 105
86 2 444 2 106
87 2 42 2 62
88 2 43 2 63
89 2 421 2 103
90 2 266 2 101
91 2 234 2 107
92 2 235 2 108
93 2 236 2 109
-— = 237 2 110
94 2 242 2 44
95 2 49 2 112
96 2 244 2 114
2 - = 118
97 2 273 2 119
98 2 256 2 52
99 2 259 2 123
100 2 260 2 122
101 2 267 2 102
102 2 264 2 124
103 2 1 2 40
104- - 2 2 41
= —- 2 42
105- - 240sq. = 43
106 2 295 2 45
107 == 3 = 46
108 2 296 2 47
109 2 4 2 51
110 2 5 2 53
111 2 251 2 †)
112 2 422 2 126
3- 2 —— 2 129

*) Fragmenta 1—40 apud Wilmannsium spectant ad libros de 1. 1., 41-90
ad libros (16 serm. 1., 913102 ad librum (16 grammatica, 103-—105 ad librum
de antiquitate litterarum, 106—108 ad libros de origine 1. 1., 109 (16 similitudino
verborum, 110 (16 utilitate sermonis, 111 sq. incertae sedis, Cf. ad 199, 1 sqq.

*ἢ cf. ad vl 68.

am) v, adn. ad 205, 24 sq.

†) Cf. ad X 62.

